Charge [CH1]

  -6.519	  -6.503	1
  -6.503	  -6.486	1
  -6.486	  -6.470	0
  -6.470	  -6.454	0
  -6.454	  -6.437	0
  -6.437	  -6.421	0
  -6.421	  -6.405	0
  -6.405	  -6.388	0
  -6.388	  -6.372	0
  -6.372	  -6.356	0
  -6.356	  -6.339	0
  -6.339	  -6.323	0
  -6.323	  -6.307	0
  -6.307	  -6.291	1
  -6.291	  -6.274	0
  -6.274	  -6.258	1
  -6.258	  -6.242	1
  -6.242	  -6.225	0
  -6.225	  -6.209	1
  -6.209	  -6.193	0
  -6.193	  -6.176	0
  -6.176	  -6.160	0
  -6.160	  -6.144	0
  -6.144	  -6.128	0
  -6.128	  -6.111	0
  -6.111	  -6.095	1
  -6.095	  -6.079	0
  -6.079	  -6.062	0
  -6.062	  -6.046	0
  -6.046	  -6.030	2
  -6.030	  -6.013	0
  -6.013	  -5.997	2
  -5.997	  -5.981	1
  -5.981	  -5.965	3
  -5.965	  -5.948	3
  -5.948	  -5.932	1
  -5.932	  -5.916	0
  -5.916	  -5.899	3
  -5.899	  -5.883	0
  -5.883	  -5.867	2
  -5.867	  -5.850	1
  -5.850	  -5.834	1
  -5.834	  -5.818	2
  -5.818	  -5.802	1
  -5.802	  -5.785	1
  -5.785	  -5.769	5
  -5.769	  -5.753	0
  -5.753	  -5.736	3
  -5.736	  -5.720	2
  -5.720	  -5.704	2
  -5.704	  -5.687	4
  -5.687	  -5.671	4
  -5.671	  -5.655	2
  -5.655	  -5.639	3
  -5.639	  -5.622	2
  -5.622	  -5.606	2
  -5.606	  -5.590	7
  -5.590	  -5.573	3
  -5.573	  -5.557	1
  -5.557	  -5.541	3
  -5.541	  -5.524	5
  -5.524	  -5.508	0
  -5.508	  -5.492	4
  -5.492	  -5.475	3
  -5.475	  -5.459	1
  -5.459	  -5.443	6
  -5.443	  -5.427	1
  -5.427	  -5.410	5
  -5.410	  -5.394	4
  -5.394	  -5.378	5
  -5.378	  -5.361	4
  -5.361	  -5.345	7
  -5.345	  -5.329	6
  -5.329	  -5.312	13
  -5.312	  -5.296	5
  -5.296	  -5.280	5
  -5.280	  -5.264	2
  -5.264	  -5.247	9
  -5.247	  -5.231	5
  -5.231	  -5.215	2
  -5.215	  -5.198	3
  -5.198	  -5.182	10
  -5.182	  -5.166	11
  -5.166	  -5.149	7
  -5.149	  -5.133	8
  -5.133	  -5.117	12
  -5.117	  -5.101	8
  -5.101	  -5.084	7
  -5.084	  -5.068	6
  -5.068	  -5.052	9
  -5.052	  -5.035	10
  -5.035	  -5.019	6
  -5.019	  -5.003	6
  -5.003	  -4.986	2
  -4.986	  -4.970	9
  -4.970	  -4.954	8
  -4.954	  -4.938	11
  -4.938	  -4.921	11
  -4.921	  -4.905	15
  -4.905	  -4.889	13
  -4.889	  -4.872	14
  -4.872	  -4.856	15
  -4.856	  -4.840	15
  -4.840	  -4.823	9
  -4.823	  -4.807	20
  -4.807	  -4.791	10
  -4.791	  -4.774	13
  -4.774	  -4.758	14
  -4.758	  -4.742	12
  -4.742	  -4.726	14
  -4.726	  -4.709	15
  -4.709	  -4.693	12
  -4.693	  -4.677	18
  -4.677	  -4.660	18
  -4.660	  -4.644	12
  -4.644	  -4.628	20
  -4.628	  -4.611	20
  -4.611	  -4.595	17
  -4.595	  -4.579	12
  -4.579	  -4.563	25
  -4.563	  -4.546	21
  -4.546	  -4.530	24
  -4.530	  -4.514	17
  -4.514	  -4.497	17
  -4.497	  -4.481	18
  -4.481	  -4.465	24
  -4.465	  -4.448	12
  -4.448	  -4.432	17
  -4.432	  -4.416	24
  -4.416	  -4.400	20
  -4.400	  -4.383	33
  -4.383	  -4.367	28
  -4.367	  -4.351	18
  -4.351	  -4.334	29
  -4.334	  -4.318	25
  -4.318	  -4.302	28
  -4.302	  -4.285	25
  -4.285	  -4.269	24
  -4.269	  -4.253	23
  -4.253	  -4.237	28
  -4.237	  -4.220	35
  -4.220	  -4.204	26
  -4.204	  -4.188	29
  -4.188	  -4.171	32
  -4.171	  -4.155	34
  -4.155	  -4.139	56
  -4.139	  -4.122	30
  -4.122	  -4.106	40
  -4.106	  -4.090	54
  -4.090	  -4.074	38
  -4.074	  -4.057	33
  -4.057	  -4.041	48
  -4.041	  -4.025	42
  -4.025	  -4.008	56
  -4.008	  -3.992	54
  -3.992	  -3.976	67
  -3.976	  -3.959	65
  -3.959	  -3.943	48
  -3.943	  -3.927	59
  -3.927	  -3.910	56
  -3.910	  -3.894	67
  -3.894	  -3.878	70
  -3.878	  -3.862	74
  -3.862	  -3.845	83
  -3.845	  -3.829	77
  -3.829	  -3.813	88
  -3.813	  -3.796	93
  -3.796	  -3.780	97
  -3.780	  -3.764	101
  -3.764	  -3.747	96
  -3.747	  -3.731	112
  -3.731	  -3.715	116
  -3.715	  -3.699	123
  -3.699	  -3.682	106
  -3.682	  -3.666	134
  -3.666	  -3.650	148
  -3.650	  -3.633	156
  -3.633	  -3.617	146
  -3.617	  -3.601	161
  -3.601	  -3.584	190
  -3.584	  -3.568	167
  -3.568	  -3.552	154
  -3.552	  -3.536	182
  -3.536	  -3.519	196
  -3.519	  -3.503	185
  -3.503	  -3.487	198
  -3.487	  -3.470	211
  -3.470	  -3.454	230
  -3.454	  -3.438	240
  -3.438	  -3.421	273
  -3.421	  -3.405	279
  -3.405	  -3.389	271
  -3.389	  -3.373	294
  -3.373	  -3.356	247
  -3.356	  -3.340	298
  -3.340	  -3.324	354
  -3.324	  -3.307	318
  -3.307	  -3.291	314
  -3.291	  -3.275	329
  -3.275	  -3.258	353
  -3.258	  -3.242	333
  -3.242	  -3.226	371
  -3.226	  -3.209	400
  -3.209	  -3.193	373
  -3.193	  -3.177	396
  -3.177	  -3.161	390
  -3.161	  -3.144	448
  -3.144	  -3.128	417
  -3.128	  -3.112	482
  -3.112	  -3.095	444
  -3.095	  -3.079	448
  -3.079	  -3.063	479
  -3.063	  -3.046	468
  -3.046	  -3.030	468
  -3.030	  -3.014	437
  -3.014	  -2.998	478
  -2.998	  -2.981	477
  -2.981	  -2.965	483
  -2.965	  -2.949	523
  -2.949	  -2.932	541
  -2.932	  -2.916	527
  -2.916	  -2.900	541
  -2.900	  -2.883	560
  -2.883	  -2.867	586
  -2.867	  -2.851	554
  -2.851	  -2.835	503
  -2.835	  -2.818	571
  -2.818	  -2.802	503
  -2.802	  -2.786	580
  -2.786	  -2.769	562
  -2.769	  -2.753	565
  -2.753	  -2.737	571
  -2.737	  -2.720	550
  -2.720	  -2.704	501
  -2.704	  -2.688	514
  -2.688	  -2.672	495
  -2.672	  -2.655	511
  -2.655	  -2.639	525
  -2.639	  -2.623	485
  -2.623	  -2.606	482
  -2.606	  -2.590	457
  -2.590	  -2.574	501
  -2.574	  -2.557	481
  -2.557	  -2.541	504
  -2.541	  -2.525	513
  -2.525	  -2.509	464
  -2.509	  -2.492	484
  -2.492	  -2.476	476
  -2.476	  -2.460	490
  -2.460	  -2.443	493
  -2.443	  -2.427	453
  -2.427	  -2.411	514
  -2.411	  -2.394	484
  -2.394	  -2.378	469
  -2.378	  -2.362	490
  -2.362	  -2.345	517
  -2.345	  -2.329	484
  -2.329	  -2.313	518
  -2.313	  -2.297	581
  -2.297	  -2.280	590
  -2.280	  -2.264	551
  -2.264	  -2.248	641
  -2.248	  -2.231	660
  -2.231	  -2.215	631
  -2.215	  -2.199	666
  -2.199	  -2.182	728
  -2.182	  -2.166	758
  -2.166	  -2.150	792
  -2.150	  -2.134	788
  -2.134	  -2.117	860
  -2.117	  -2.101	936
  -2.101	  -2.085	978
  -2.085	  -2.068	950
  -2.068	  -2.052	1106
  -2.052	  -2.036	1146
  -2.036	  -2.019	1132
  -2.019	  -2.003	1200
  -2.003	  -1.987	1278
  -1.987	  -1.971	1370
  -1.971	  -1.954	1439
  -1.954	  -1.938	1407
  -1.938	  -1.922	1567
  -1.922	  -1.905	1528
  -1.905	  -1.889	1574
  -1.889	  -1.873	1602
  -1.873	  -1.856	1715
  -1.856	  -1.840	1653
  -1.840	  -1.824	1763
  -1.824	  -1.808	1828
  -1.808	  -1.791	1767
  -1.791	  -1.775	1874
  -1.775	  -1.759	1846
  -1.759	  -1.742	1828
  -1.742	  -1.726	1824
  -1.726	  -1.710	1810
  -1.710	  -1.693	1739
  -1.693	  -1.677	1752
  -1.677	  -1.661	1746
  -1.661	  -1.644	1761
  -1.644	  -1.628	1592
  -1.628	  -1.612	1532
  -1.612	  -1.596	1443
  -1.596	  -1.579	1323
  -1.579	  -1.563	1233
  -1.563	  -1.547	1144
  -1.547	  -1.530	1020
  -1.530	  -1.514	918
  -1.514	  -1.498	834
  -1.498	  -1.481	695
  -1.481	  -1.465	659
  -1.465	  -1.449	559
  -1.449	  -1.433	503
  -1.433	  -1.416	362
  -1.416	  -1.400	353
  -1.400	  -1.384	276
  -1.384	  -1.367	238
  -1.367	  -1.351	168
  -1.351	  -1.335	143
  -1.335	  -1.318	126
  -1.318	  -1.302	93
  -1.302	  -1.286	90
  -1.286	  -1.270	56
  -1.270	  -1.253	51
  -1.253	  -1.237	33
  -1.237	  -1.221	21
  -1.221	  -1.204	23
  -1.204	  -1.188	19
  -1.188	  -1.172	19
  -1.172	  -1.155	16
  -1.155	  -1.139	17
  -1.139	  -1.123	13
  -1.123	  -1.107	15
  -1.107	  -1.090	13
  -1.090	  -1.074	12
  -1.074	  -1.058	7
  -1.058	  -1.041	7
  -1.041	  -1.025	3
  -1.025	  -1.009	6
  -1.009	  -0.992	9
  -0.992	  -0.976	3
  -0.976	  -0.960	3
  -0.960	  -0.944	7
  -0.944	  -0.927	4
  -0.927	  -0.911	5
  -0.911	  -0.895	1
  -0.895	  -0.878	2
  -0.878	  -0.862	4
  -0.862	  -0.846	1
  -0.846	  -0.829	1
  -0.829	  -0.813	3
  -0.813	  -0.797	3
  -0.797	  -0.780	1
  -0.780	  -0.764	4
  -0.764	  -0.748	0
  -0.748	  -0.732	0
  -0.732	  -0.715	2
  -0.715	  -0.699	2
  -0.699	  -0.683	0
  -0.683	  -0.666	0
  -0.666	  -0.650	0
  -0.650	  -0.634	3
  -0.634	  -0.617	1
  -0.617	  -0.601	2
  -0.601	  -0.585	2
  -0.585	  -0.569	3
  -0.569	  -0.552	0
  -0.552	  -0.536	2
  -0.536	  -0.520	2
  -0.520	  -0.503	3
  -0.503	  -0.487	0
  -0.487	  -0.471	1
  -0.471	  -0.454	1
  -0.454	  -0.438	2
  -0.438	  -0.422	0
  -0.422	  -0.406	1
  -0.406	  -0.389	1
  -0.389	  -0.373	0
  -0.373	  -0.357	0
  -0.357	  -0.340	0
  -0.340	  -0.324	0
  -0.324	  -0.308	2
  -0.308	  -0.291	1
  -0.291	  -0.275	0
  -0.275	  -0.259	0
  -0.259	  -0.243	0
  -0.243	  -0.226	1
  -0.226	  -0.210	0
  -0.210	  -0.194	1
  -0.194	  -0.177	0
  -0.177	  -0.161	0
  -0.161	  -0.145	0
  -0.145	  -0.128	0
  -0.128	  -0.112	1
  -0.112	  -0.096	0
  -0.096	  -0.079	0
  -0.079	  -0.063	2
  -0.063	  -0.047	2
  -0.047	  -0.031	0
  -0.031	  -0.014	1
  -0.014	   0.002	0
   0.002	   0.018	0
   0.018	   0.035	0
   0.035	   0.051	0
   0.051	   0.067	1
   0.067	   0.084	0
   0.084	   0.100	0
   0.100	   0.116	1
   0.116	   0.132	0
   0.132	   0.149	1
   0.149	   0.165	1
   0.165	   0.181	1
   0.181	   0.198	1
   0.198	   0.214	0
   0.214	   0.230	0
   0.230	   0.247	0
   0.247	   0.263	1
   0.263	   0.279	0
   0.279	   0.295	0
   0.295	   0.312	0
   0.312	   0.328	0
   0.328	   0.344	1
   0.344	   0.361	0
   0.361	   0.377	0
   0.377	   0.393	0
   0.393	   0.410	0
   0.410	   0.426	2
   0.426	   0.442	0
   0.442	   0.458	0
   0.458	   0.475	1
   0.475	   0.491	0
   0.491	   0.507	0
   0.507	   0.524	0
   0.524	   0.540	0
   0.540	   0.556	0
   0.556	   0.573	0
   0.573	   0.589	0
   0.589	   0.605	0
   0.605	   0.621	0
   0.621	   0.638	0
   0.638	   0.654	0
   0.654	   0.670	1
   0.670	   0.687	0
   0.687	   0.703	0
   0.703	   0.719	0
   0.719	   0.736	0
   0.736	   0.752	1
   0.752	   0.768	0
   0.768	   0.785	0
   0.785	   0.801	1
   0.801	   0.817	0
   0.817	   0.833	0
   0.833	   0.850	0
   0.850	   0.866	0
   0.866	   0.882	0
   0.882	   0.899	0
   0.899	   0.915	0
   0.915	   0.931	0
   0.931	   0.948	0
   0.948	   0.964	0
   0.964	   0.980	0
   0.980	   0.996	0
   0.996	   1.013	0
   1.013	   1.029	0
   1.029	   1.045	0
   1.045	   1.062	0
   1.062	   1.078	0
   1.078	   1.094	0
   1.094	   1.111	0
   1.111	   1.127	0
   1.127	   1.143	0
   1.143	   1.159	0
   1.159	   1.176	0
   1.176	   1.192	1
   1.192	   1.208	0
   1.208	   1.225	0
   1.225	   1.241	0
   1.241	   1.257	0
   1.257	   1.274	0
   1.274	   1.290	0
   1.290	   1.306	0
   1.306	   1.322	0
   1.322	   1.339	0
   1.339	   1.355	1
   1.355	   1.371	0
   1.371	   1.388	0
   1.388	   1.404	0
   1.404	   1.420	1


