Charge [CH1]

  -7.971	  -7.956	1
  -7.956	  -7.940	0
  -7.940	  -7.925	0
  -7.925	  -7.910	0
  -7.910	  -7.894	0
  -7.894	  -7.879	0
  -7.879	  -7.863	0
  -7.863	  -7.848	0
  -7.848	  -7.832	0
  -7.832	  -7.817	0
  -7.817	  -7.801	0
  -7.801	  -7.786	0
  -7.786	  -7.770	0
  -7.770	  -7.755	0
  -7.755	  -7.740	0
  -7.740	  -7.724	0
  -7.724	  -7.709	0
  -7.709	  -7.693	0
  -7.693	  -7.678	0
  -7.678	  -7.662	1
  -7.662	  -7.647	0
  -7.647	  -7.631	0
  -7.631	  -7.616	0
  -7.616	  -7.601	0
  -7.601	  -7.585	0
  -7.585	  -7.570	0
  -7.570	  -7.554	0
  -7.554	  -7.539	0
  -7.539	  -7.523	1
  -7.523	  -7.508	0
  -7.508	  -7.492	1
  -7.492	  -7.477	0
  -7.477	  -7.462	1
  -7.462	  -7.446	0
  -7.446	  -7.431	1
  -7.431	  -7.415	1
  -7.415	  -7.400	0
  -7.400	  -7.384	0
  -7.384	  -7.369	1
  -7.369	  -7.353	0
  -7.353	  -7.338	0
  -7.338	  -7.323	1
  -7.323	  -7.307	0
  -7.307	  -7.292	2
  -7.292	  -7.276	0
  -7.276	  -7.261	1
  -7.261	  -7.245	0
  -7.245	  -7.230	0
  -7.230	  -7.214	0
  -7.214	  -7.199	1
  -7.199	  -7.183	1
  -7.183	  -7.168	1
  -7.168	  -7.153	2
  -7.153	  -7.137	0
  -7.137	  -7.122	4
  -7.122	  -7.106	4
  -7.106	  -7.091	0
  -7.091	  -7.075	2
  -7.075	  -7.060	0
  -7.060	  -7.044	0
  -7.044	  -7.029	1
  -7.029	  -7.014	1
  -7.014	  -6.998	1
  -6.998	  -6.983	2
  -6.983	  -6.967	1
  -6.967	  -6.952	0
  -6.952	  -6.936	1
  -6.936	  -6.921	3
  -6.921	  -6.905	1
  -6.905	  -6.890	2
  -6.890	  -6.875	1
  -6.875	  -6.859	0
  -6.859	  -6.844	3
  -6.844	  -6.828	1
  -6.828	  -6.813	1
  -6.813	  -6.797	0
  -6.797	  -6.782	0
  -6.782	  -6.766	4
  -6.766	  -6.751	2
  -6.751	  -6.736	0
  -6.736	  -6.720	3
  -6.720	  -6.705	3
  -6.705	  -6.689	3
  -6.689	  -6.674	1
  -6.674	  -6.658	1
  -6.658	  -6.643	3
  -6.643	  -6.627	1
  -6.627	  -6.612	3
  -6.612	  -6.596	4
  -6.596	  -6.581	2
  -6.581	  -6.566	2
  -6.566	  -6.550	4
  -6.550	  -6.535	5
  -6.535	  -6.519	5
  -6.519	  -6.504	3
  -6.504	  -6.488	3
  -6.488	  -6.473	2
  -6.473	  -6.457	3
  -6.457	  -6.442	4
  -6.442	  -6.427	4
  -6.427	  -6.411	11
  -6.411	  -6.396	2
  -6.396	  -6.380	8
  -6.380	  -6.365	3
  -6.365	  -6.349	6
  -6.349	  -6.334	4
  -6.334	  -6.318	3
  -6.318	  -6.303	7
  -6.303	  -6.288	3
  -6.288	  -6.272	5
  -6.272	  -6.257	3
  -6.257	  -6.241	5
  -6.241	  -6.226	5
  -6.226	  -6.210	7
  -6.210	  -6.195	3
  -6.195	  -6.179	7
  -6.179	  -6.164	9
  -6.164	  -6.149	8
  -6.149	  -6.133	7
  -6.133	  -6.118	5
  -6.118	  -6.102	4
  -6.102	  -6.087	4
  -6.087	  -6.071	7
  -6.071	  -6.056	7
  -6.056	  -6.040	6
  -6.040	  -6.025	7
  -6.025	  -6.009	3
  -6.009	  -5.994	4
  -5.994	  -5.979	5
  -5.979	  -5.963	11
  -5.963	  -5.948	10
  -5.948	  -5.932	3
  -5.932	  -5.917	10
  -5.917	  -5.901	11
  -5.901	  -5.886	6
  -5.886	  -5.870	11
  -5.870	  -5.855	7
  -5.855	  -5.840	11
  -5.840	  -5.824	10
  -5.824	  -5.809	8
  -5.809	  -5.793	17
  -5.793	  -5.778	12
  -5.778	  -5.762	11
  -5.762	  -5.747	12
  -5.747	  -5.731	11
  -5.731	  -5.716	20
  -5.716	  -5.701	11
  -5.701	  -5.685	23
  -5.685	  -5.670	17
  -5.670	  -5.654	16
  -5.654	  -5.639	18
  -5.639	  -5.623	12
  -5.623	  -5.608	19
  -5.608	  -5.592	15
  -5.592	  -5.577	20
  -5.577	  -5.562	13
  -5.562	  -5.546	23
  -5.546	  -5.531	19
  -5.531	  -5.515	15
  -5.515	  -5.500	11
  -5.500	  -5.484	19
  -5.484	  -5.469	19
  -5.469	  -5.453	23
  -5.453	  -5.438	28
  -5.438	  -5.422	33
  -5.422	  -5.407	21
  -5.407	  -5.392	26
  -5.392	  -5.376	23
  -5.376	  -5.361	32
  -5.361	  -5.345	33
  -5.345	  -5.330	33
  -5.330	  -5.314	22
  -5.314	  -5.299	24
  -5.299	  -5.283	16
  -5.283	  -5.268	33
  -5.268	  -5.253	31
  -5.253	  -5.237	32
  -5.237	  -5.222	35
  -5.222	  -5.206	32
  -5.206	  -5.191	42
  -5.191	  -5.175	38
  -5.175	  -5.160	49
  -5.160	  -5.144	42
  -5.144	  -5.129	37
  -5.129	  -5.114	45
  -5.114	  -5.098	34
  -5.098	  -5.083	45
  -5.083	  -5.067	53
  -5.067	  -5.052	56
  -5.052	  -5.036	43
  -5.036	  -5.021	59
  -5.021	  -5.005	42
  -5.005	  -4.990	51
  -4.990	  -4.974	51
  -4.974	  -4.959	57
  -4.959	  -4.944	66
  -4.944	  -4.928	52
  -4.928	  -4.913	70
  -4.913	  -4.897	70
  -4.897	  -4.882	78
  -4.882	  -4.866	78
  -4.866	  -4.851	83
  -4.851	  -4.835	93
  -4.835	  -4.820	69
  -4.820	  -4.805	69
  -4.805	  -4.789	86
  -4.789	  -4.774	106
  -4.774	  -4.758	66
  -4.758	  -4.743	101
  -4.743	  -4.727	111
  -4.727	  -4.712	113
  -4.712	  -4.696	124
  -4.696	  -4.681	109
  -4.681	  -4.666	121
  -4.666	  -4.650	122
  -4.650	  -4.635	147
  -4.635	  -4.619	129
  -4.619	  -4.604	151
  -4.604	  -4.588	143
  -4.588	  -4.573	146
  -4.573	  -4.557	145
  -4.557	  -4.542	159
  -4.542	  -4.527	189
  -4.527	  -4.511	189
  -4.511	  -4.496	180
  -4.496	  -4.480	198
  -4.480	  -4.465	217
  -4.465	  -4.449	217
  -4.449	  -4.434	234
  -4.434	  -4.418	226
  -4.418	  -4.403	234
  -4.403	  -4.387	230
  -4.387	  -4.372	235
  -4.372	  -4.357	292
  -4.357	  -4.341	250
  -4.341	  -4.326	270
  -4.326	  -4.310	323
  -4.310	  -4.295	298
  -4.295	  -4.279	297
  -4.279	  -4.264	309
  -4.264	  -4.248	310
  -4.248	  -4.233	341
  -4.233	  -4.218	328
  -4.218	  -4.202	349
  -4.202	  -4.187	366
  -4.187	  -4.171	368
  -4.171	  -4.156	380
  -4.156	  -4.140	445
  -4.140	  -4.125	432
  -4.125	  -4.109	396
  -4.109	  -4.094	478
  -4.094	  -4.079	480
  -4.079	  -4.063	517
  -4.063	  -4.048	510
  -4.048	  -4.032	522
  -4.032	  -4.017	502
  -4.017	  -4.001	548
  -4.001	  -3.986	497
  -3.986	  -3.970	570
  -3.970	  -3.955	585
  -3.955	  -3.940	616
  -3.940	  -3.924	628
  -3.924	  -3.909	615
  -3.909	  -3.893	647
  -3.893	  -3.878	587
  -3.878	  -3.862	668
  -3.862	  -3.847	688
  -3.847	  -3.831	708
  -3.831	  -3.816	735
  -3.816	  -3.800	719
  -3.800	  -3.785	774
  -3.785	  -3.770	798
  -3.770	  -3.754	808
  -3.754	  -3.739	765
  -3.739	  -3.723	834
  -3.723	  -3.708	810
  -3.708	  -3.692	825
  -3.692	  -3.677	870
  -3.677	  -3.661	873
  -3.661	  -3.646	915
  -3.646	  -3.631	904
  -3.631	  -3.615	870
  -3.615	  -3.600	946
  -3.600	  -3.584	897
  -3.584	  -3.569	917
  -3.569	  -3.553	960
  -3.553	  -3.538	981
  -3.538	  -3.522	1016
  -3.522	  -3.507	985
  -3.507	  -3.492	1002
  -3.492	  -3.476	995
  -3.476	  -3.461	1001
  -3.461	  -3.445	955
  -3.445	  -3.430	981
  -3.430	  -3.414	983
  -3.414	  -3.399	1025
  -3.399	  -3.383	1049
  -3.383	  -3.368	1029
  -3.368	  -3.353	1073
  -3.353	  -3.337	1010
  -3.337	  -3.322	1113
  -3.322	  -3.306	1082
  -3.306	  -3.291	1064
  -3.291	  -3.275	1096
  -3.275	  -3.260	1013
  -3.260	  -3.244	1047
  -3.244	  -3.229	1074
  -3.229	  -3.213	1025
  -3.213	  -3.198	1024
  -3.198	  -3.183	1051
  -3.183	  -3.167	1023
  -3.167	  -3.152	1034
  -3.152	  -3.136	1011
  -3.136	  -3.121	1029
  -3.121	  -3.105	956
  -3.105	  -3.090	1040
  -3.090	  -3.074	955
  -3.074	  -3.059	924
  -3.059	  -3.044	982
  -3.044	  -3.028	912
  -3.028	  -3.013	903
  -3.013	  -2.997	872
  -2.997	  -2.982	849
  -2.982	  -2.966	887
  -2.966	  -2.951	783
  -2.951	  -2.935	815
  -2.935	  -2.920	806
  -2.920	  -2.905	776
  -2.905	  -2.889	799
  -2.889	  -2.874	778
  -2.874	  -2.858	715
  -2.858	  -2.843	735
  -2.843	  -2.827	668
  -2.827	  -2.812	733
  -2.812	  -2.796	671
  -2.796	  -2.781	634
  -2.781	  -2.766	638
  -2.766	  -2.750	621
  -2.750	  -2.735	575
  -2.735	  -2.719	576
  -2.719	  -2.704	555
  -2.704	  -2.688	491
  -2.688	  -2.673	497
  -2.673	  -2.657	499
  -2.657	  -2.642	466
  -2.642	  -2.626	475
  -2.626	  -2.611	422
  -2.611	  -2.596	422
  -2.596	  -2.580	454
  -2.580	  -2.565	400
  -2.565	  -2.549	382
  -2.549	  -2.534	386
  -2.534	  -2.518	402
  -2.518	  -2.503	370
  -2.503	  -2.487	336
  -2.487	  -2.472	337
  -2.472	  -2.457	337
  -2.457	  -2.441	350
  -2.441	  -2.426	368
  -2.426	  -2.410	320
  -2.410	  -2.395	347
  -2.395	  -2.379	293
  -2.379	  -2.364	303
  -2.364	  -2.348	297
  -2.348	  -2.333	321
  -2.333	  -2.318	322
  -2.318	  -2.302	309
  -2.302	  -2.287	281
  -2.287	  -2.271	346
  -2.271	  -2.256	346
  -2.256	  -2.240	327
  -2.240	  -2.225	331
  -2.225	  -2.209	365
  -2.209	  -2.194	356
  -2.194	  -2.179	394
  -2.179	  -2.163	428
  -2.163	  -2.148	436
  -2.148	  -2.132	446
  -2.132	  -2.117	518
  -2.117	  -2.101	450
  -2.101	  -2.086	538
  -2.086	  -2.070	540
  -2.070	  -2.055	576
  -2.055	  -2.039	652
  -2.039	  -2.024	646
  -2.024	  -2.009	675
  -2.009	  -1.993	708
  -1.993	  -1.978	769
  -1.978	  -1.962	761
  -1.962	  -1.947	830
  -1.947	  -1.931	866
  -1.931	  -1.916	983
  -1.916	  -1.900	978
  -1.900	  -1.885	926
  -1.885	  -1.870	1027
  -1.870	  -1.854	1046
  -1.854	  -1.839	1088
  -1.839	  -1.823	1097
  -1.823	  -1.808	1147
  -1.808	  -1.792	1258
  -1.792	  -1.777	1289
  -1.777	  -1.761	1219
  -1.761	  -1.746	1252
  -1.746	  -1.731	1310
  -1.731	  -1.715	1298
  -1.715	  -1.700	1282
  -1.700	  -1.684	1320
  -1.684	  -1.669	1264
  -1.669	  -1.653	1276
  -1.653	  -1.638	1248
  -1.638	  -1.622	1272
  -1.622	  -1.607	1198
  -1.607	  -1.591	1087
  -1.591	  -1.576	1122
  -1.576	  -1.561	1098
  -1.561	  -1.545	1028
  -1.545	  -1.530	929
  -1.530	  -1.514	880
  -1.514	  -1.499	852
  -1.499	  -1.483	744
  -1.483	  -1.468	676
  -1.468	  -1.452	642
  -1.452	  -1.437	582
  -1.437	  -1.422	520
  -1.422	  -1.406	470
  -1.406	  -1.391	373
  -1.391	  -1.375	360
  -1.375	  -1.360	317
  -1.360	  -1.344	255
  -1.344	  -1.329	226
  -1.329	  -1.313	196
  -1.313	  -1.298	166
  -1.298	  -1.283	137
  -1.283	  -1.267	96
  -1.267	  -1.252	83
  -1.252	  -1.236	81
  -1.236	  -1.221	64
  -1.221	  -1.205	50
  -1.205	  -1.190	35
  -1.190	  -1.174	34
  -1.174	  -1.159	23
  -1.159	  -1.144	21
  -1.144	  -1.128	6
  -1.128	  -1.113	11
  -1.113	  -1.097	6
  -1.097	  -1.082	4
  -1.082	  -1.066	9
  -1.066	  -1.051	10
  -1.051	  -1.035	6
  -1.035	  -1.020	5
  -1.020	  -1.004	2
  -1.004	  -0.989	7
  -0.989	  -0.974	0
  -0.974	  -0.958	4
  -0.958	  -0.943	4
  -0.943	  -0.927	6
  -0.927	  -0.912	2
  -0.912	  -0.896	5
  -0.896	  -0.881	4
  -0.881	  -0.865	5
  -0.865	  -0.850	3
  -0.850	  -0.835	2
  -0.835	  -0.819	1
  -0.819	  -0.804	2
  -0.804	  -0.788	2
  -0.788	  -0.773	0
  -0.773	  -0.757	2
  -0.757	  -0.742	2
  -0.742	  -0.726	1
  -0.726	  -0.711	0
  -0.711	  -0.696	1
  -0.696	  -0.680	2
  -0.680	  -0.665	4
  -0.665	  -0.649	3
  -0.649	  -0.634	0
  -0.634	  -0.618	0
  -0.618	  -0.603	1
  -0.603	  -0.587	2
  -0.587	  -0.572	3
  -0.572	  -0.557	4
  -0.557	  -0.541	0
  -0.541	  -0.526	2
  -0.526	  -0.510	2
  -0.510	  -0.495	1
  -0.495	  -0.479	1
  -0.479	  -0.464	0
  -0.464	  -0.448	0
  -0.448	  -0.433	0
  -0.433	  -0.417	0
  -0.417	  -0.402	1
  -0.402	  -0.387	0
  -0.387	  -0.371	1
  -0.371	  -0.356	0
  -0.356	  -0.340	0
  -0.340	  -0.325	0
  -0.325	  -0.309	0
  -0.309	  -0.294	1
  -0.294	  -0.278	1
  -0.278	  -0.263	0
  -0.263	  -0.248	1
  -0.248	  -0.232	0
  -0.232	  -0.217	0
  -0.217	  -0.201	0
  -0.201	  -0.186	1
  -0.186	  -0.170	0
  -0.170	  -0.155	1
  -0.155	  -0.139	0
  -0.139	  -0.124	0
  -0.124	  -0.109	0
  -0.109	  -0.093	1
  -0.093	  -0.078	0
  -0.078	  -0.062	0
  -0.062	  -0.047	0
  -0.047	  -0.031	0
  -0.031	  -0.016	0
  -0.016	  -0.000	0
  -0.000	   0.015	1
   0.015	   0.030	1
   0.030	   0.046	1
   0.046	   0.061	1
   0.061	   0.077	0
   0.077	   0.092	0
   0.092	   0.108	0
   0.108	   0.123	1
   0.123	   0.139	0
   0.139	   0.154	0
   0.154	   0.170	0
   0.170	   0.185	1
   0.185	   0.200	1
   0.200	   0.216	0
   0.216	   0.231	0
   0.231	   0.247	0
   0.247	   0.262	0
   0.262	   0.278	0
   0.278	   0.293	0
   0.293	   0.309	0
   0.309	   0.324	0
   0.324	   0.339	0
   0.339	   0.355	0
   0.355	   0.370	0
   0.370	   0.386	1
   0.386	   0.401	0
   0.401	   0.417	0
   0.417	   0.432	0
   0.432	   0.448	1
   0.448	   0.463	0
   0.463	   0.478	1
   0.478	   0.494	0
   0.494	   0.509	1
   0.509	   0.525	0
   0.525	   0.540	0
   0.540	   0.556	0
   0.556	   0.571	0
   0.571	   0.587	0
   0.587	   0.602	0
   0.602	   0.617	0
   0.617	   0.633	0
   0.633	   0.648	0
   0.648	   0.664	0
   0.664	   0.679	0
   0.679	   0.695	0
   0.695	   0.710	1
   0.710	   0.726	0
   0.726	   0.741	0
   0.741	   0.757	0
   0.757	   0.772	0
   0.772	   0.787	0
   0.787	   0.803	0
   0.803	   0.818	0
   0.818	   0.834	0
   0.834	   0.849	0
   0.849	   0.865	0
   0.865	   0.880	0
   0.880	   0.896	0
   0.896	   0.911	0
   0.911	   0.926	0
   0.926	   0.942	0
   0.942	   0.957	1


