Charge [CH1]

  -5.885	  -5.871	1
  -5.871	  -5.857	0
  -5.857	  -5.843	0
  -5.843	  -5.829	0
  -5.829	  -5.815	0
  -5.815	  -5.801	0
  -5.801	  -5.787	0
  -5.787	  -5.774	1
  -5.774	  -5.760	0
  -5.760	  -5.746	0
  -5.746	  -5.732	0
  -5.732	  -5.718	0
  -5.718	  -5.704	0
  -5.704	  -5.690	0
  -5.690	  -5.676	0
  -5.676	  -5.662	0
  -5.662	  -5.648	0
  -5.648	  -5.634	0
  -5.634	  -5.620	0
  -5.620	  -5.606	0
  -5.606	  -5.592	0
  -5.592	  -5.578	0
  -5.578	  -5.564	1
  -5.564	  -5.550	0
  -5.550	  -5.536	1
  -5.536	  -5.522	1
  -5.522	  -5.508	0
  -5.508	  -5.494	0
  -5.494	  -5.480	1
  -5.480	  -5.467	0
  -5.467	  -5.453	0
  -5.453	  -5.439	2
  -5.439	  -5.425	3
  -5.425	  -5.411	1
  -5.411	  -5.397	0
  -5.397	  -5.383	1
  -5.383	  -5.369	0
  -5.369	  -5.355	1
  -5.355	  -5.341	1
  -5.341	  -5.327	0
  -5.327	  -5.313	1
  -5.313	  -5.299	0
  -5.299	  -5.285	0
  -5.285	  -5.271	1
  -5.271	  -5.257	0
  -5.257	  -5.243	0
  -5.243	  -5.229	1
  -5.229	  -5.215	0
  -5.215	  -5.201	2
  -5.201	  -5.187	0
  -5.187	  -5.173	0
  -5.173	  -5.160	0
  -5.160	  -5.146	2
  -5.146	  -5.132	2
  -5.132	  -5.118	0
  -5.118	  -5.104	0
  -5.104	  -5.090	2
  -5.090	  -5.076	2
  -5.076	  -5.062	1
  -5.062	  -5.048	1
  -5.048	  -5.034	1
  -5.034	  -5.020	1
  -5.020	  -5.006	2
  -5.006	  -4.992	1
  -4.992	  -4.978	2
  -4.978	  -4.964	1
  -4.964	  -4.950	1
  -4.950	  -4.936	0
  -4.936	  -4.922	1
  -4.922	  -4.908	0
  -4.908	  -4.894	2
  -4.894	  -4.880	0
  -4.880	  -4.866	0
  -4.866	  -4.853	2
  -4.853	  -4.839	4
  -4.839	  -4.825	0
  -4.825	  -4.811	0
  -4.811	  -4.797	1
  -4.797	  -4.783	1
  -4.783	  -4.769	0
  -4.769	  -4.755	2
  -4.755	  -4.741	7
  -4.741	  -4.727	2
  -4.727	  -4.713	3
  -4.713	  -4.699	1
  -4.699	  -4.685	4
  -4.685	  -4.671	3
  -4.671	  -4.657	5
  -4.657	  -4.643	4
  -4.643	  -4.629	4
  -4.629	  -4.615	4
  -4.615	  -4.601	5
  -4.601	  -4.587	9
  -4.587	  -4.573	3
  -4.573	  -4.560	4
  -4.560	  -4.546	3
  -4.546	  -4.532	8
  -4.532	  -4.518	3
  -4.518	  -4.504	4
  -4.504	  -4.490	5
  -4.490	  -4.476	5
  -4.476	  -4.462	5
  -4.462	  -4.448	3
  -4.448	  -4.434	5
  -4.434	  -4.420	8
  -4.420	  -4.406	6
  -4.406	  -4.392	6
  -4.392	  -4.378	3
  -4.378	  -4.364	3
  -4.364	  -4.350	8
  -4.350	  -4.336	9
  -4.336	  -4.322	7
  -4.322	  -4.308	10
  -4.308	  -4.294	7
  -4.294	  -4.280	6
  -4.280	  -4.266	10
  -4.266	  -4.253	4
  -4.253	  -4.239	5
  -4.239	  -4.225	10
  -4.225	  -4.211	8
  -4.211	  -4.197	5
  -4.197	  -4.183	12
  -4.183	  -4.169	4
  -4.169	  -4.155	9
  -4.155	  -4.141	6
  -4.141	  -4.127	12
  -4.127	  -4.113	14
  -4.113	  -4.099	7
  -4.099	  -4.085	9
  -4.085	  -4.071	12
  -4.071	  -4.057	13
  -4.057	  -4.043	10
  -4.043	  -4.029	14
  -4.029	  -4.015	18
  -4.015	  -4.001	18
  -4.001	  -3.987	14
  -3.987	  -3.973	16
  -3.973	  -3.959	11
  -3.959	  -3.946	10
  -3.946	  -3.932	10
  -3.932	  -3.918	20
  -3.918	  -3.904	14
  -3.904	  -3.890	15
  -3.890	  -3.876	21
  -3.876	  -3.862	22
  -3.862	  -3.848	12
  -3.848	  -3.834	17
  -3.834	  -3.820	22
  -3.820	  -3.806	23
  -3.806	  -3.792	22
  -3.792	  -3.778	23
  -3.778	  -3.764	22
  -3.764	  -3.750	16
  -3.750	  -3.736	25
  -3.736	  -3.722	19
  -3.722	  -3.708	21
  -3.708	  -3.694	22
  -3.694	  -3.680	22
  -3.680	  -3.666	22
  -3.666	  -3.652	25
  -3.652	  -3.639	21
  -3.639	  -3.625	20
  -3.625	  -3.611	23
  -3.611	  -3.597	25
  -3.597	  -3.583	22
  -3.583	  -3.569	26
  -3.569	  -3.555	30
  -3.555	  -3.541	25
  -3.541	  -3.527	25
  -3.527	  -3.513	21
  -3.513	  -3.499	28
  -3.499	  -3.485	21
  -3.485	  -3.471	21
  -3.471	  -3.457	28
  -3.457	  -3.443	16
  -3.443	  -3.429	26
  -3.429	  -3.415	25
  -3.415	  -3.401	29
  -3.401	  -3.387	21
  -3.387	  -3.373	24
  -3.373	  -3.359	29
  -3.359	  -3.345	25
  -3.345	  -3.332	29
  -3.332	  -3.318	29
  -3.318	  -3.304	29
  -3.304	  -3.290	28
  -3.290	  -3.276	34
  -3.276	  -3.262	27
  -3.262	  -3.248	29
  -3.248	  -3.234	27
  -3.234	  -3.220	32
  -3.220	  -3.206	27
  -3.206	  -3.192	31
  -3.192	  -3.178	22
  -3.178	  -3.164	39
  -3.164	  -3.150	36
  -3.150	  -3.136	28
  -3.136	  -3.122	39
  -3.122	  -3.108	40
  -3.108	  -3.094	24
  -3.094	  -3.080	39
  -3.080	  -3.066	37
  -3.066	  -3.052	33
  -3.052	  -3.038	38
  -3.038	  -3.025	45
  -3.025	  -3.011	44
  -3.011	  -2.997	46
  -2.997	  -2.983	44
  -2.983	  -2.969	43
  -2.969	  -2.955	49
  -2.955	  -2.941	49
  -2.941	  -2.927	47
  -2.927	  -2.913	56
  -2.913	  -2.899	40
  -2.899	  -2.885	53
  -2.885	  -2.871	48
  -2.871	  -2.857	61
  -2.857	  -2.843	60
  -2.843	  -2.829	63
  -2.829	  -2.815	62
  -2.815	  -2.801	70
  -2.801	  -2.787	83
  -2.787	  -2.773	85
  -2.773	  -2.759	100
  -2.759	  -2.745	85
  -2.745	  -2.732	85
  -2.732	  -2.718	115
  -2.718	  -2.704	128
  -2.704	  -2.690	146
  -2.690	  -2.676	161
  -2.676	  -2.662	140
  -2.662	  -2.648	159
  -2.648	  -2.634	189
  -2.634	  -2.620	199
  -2.620	  -2.606	197
  -2.606	  -2.592	200
  -2.592	  -2.578	247
  -2.578	  -2.564	258
  -2.564	  -2.550	282
  -2.550	  -2.536	328
  -2.536	  -2.522	301
  -2.522	  -2.508	374
  -2.508	  -2.494	378
  -2.494	  -2.480	396
  -2.480	  -2.466	454
  -2.466	  -2.452	458
  -2.452	  -2.438	519
  -2.438	  -2.425	541
  -2.425	  -2.411	590
  -2.411	  -2.397	596
  -2.397	  -2.383	680
  -2.383	  -2.369	699
  -2.369	  -2.355	755
  -2.355	  -2.341	825
  -2.341	  -2.327	853
  -2.327	  -2.313	915
  -2.313	  -2.299	906
  -2.299	  -2.285	946
  -2.285	  -2.271	1061
  -2.271	  -2.257	1105
  -2.257	  -2.243	1149
  -2.243	  -2.229	1211
  -2.229	  -2.215	1250
  -2.215	  -2.201	1299
  -2.201	  -2.187	1368
  -2.187	  -2.173	1454
  -2.173	  -2.159	1485
  -2.159	  -2.145	1522
  -2.145	  -2.131	1559
  -2.131	  -2.118	1654
  -2.118	  -2.104	1698
  -2.104	  -2.090	1784
  -2.090	  -2.076	1851
  -2.076	  -2.062	1931
  -2.062	  -2.048	1943
  -2.048	  -2.034	2003
  -2.034	  -2.020	1990
  -2.020	  -2.006	2014
  -2.006	  -1.992	2141
  -1.992	  -1.978	2219
  -1.978	  -1.964	2211
  -1.964	  -1.950	2203
  -1.950	  -1.936	2293
  -1.936	  -1.922	2326
  -1.922	  -1.908	2351
  -1.908	  -1.894	2261
  -1.894	  -1.880	2311
  -1.880	  -1.866	2449
  -1.866	  -1.852	2409
  -1.852	  -1.838	2485
  -1.838	  -1.824	2486
  -1.824	  -1.811	2530
  -1.811	  -1.797	2575
  -1.797	  -1.783	2586
  -1.783	  -1.769	2627
  -1.769	  -1.755	2558
  -1.755	  -1.741	2455
  -1.741	  -1.727	2541
  -1.727	  -1.713	2509
  -1.713	  -1.699	2305
  -1.699	  -1.685	2333
  -1.685	  -1.671	2142
  -1.671	  -1.657	2109
  -1.657	  -1.643	1975
  -1.643	  -1.629	1843
  -1.629	  -1.615	1749
  -1.615	  -1.601	1463
  -1.601	  -1.587	1361
  -1.587	  -1.573	1309
  -1.573	  -1.559	1158
  -1.559	  -1.545	944
  -1.545	  -1.531	825
  -1.531	  -1.517	720
  -1.517	  -1.504	655
  -1.504	  -1.490	508
  -1.490	  -1.476	392
  -1.476	  -1.462	358
  -1.462	  -1.448	296
  -1.448	  -1.434	248
  -1.434	  -1.420	191
  -1.420	  -1.406	161
  -1.406	  -1.392	133
  -1.392	  -1.378	102
  -1.378	  -1.364	102
  -1.364	  -1.350	68
  -1.350	  -1.336	58
  -1.336	  -1.322	57
  -1.322	  -1.308	39
  -1.308	  -1.294	31
  -1.294	  -1.280	36
  -1.280	  -1.266	22
  -1.266	  -1.252	23
  -1.252	  -1.238	21
  -1.238	  -1.224	21
  -1.224	  -1.210	13
  -1.210	  -1.197	11
  -1.197	  -1.183	13
  -1.183	  -1.169	9
  -1.169	  -1.155	4
  -1.155	  -1.141	7
  -1.141	  -1.127	7
  -1.127	  -1.113	7
  -1.113	  -1.099	9
  -1.099	  -1.085	4
  -1.085	  -1.071	2
  -1.071	  -1.057	5
  -1.057	  -1.043	3
  -1.043	  -1.029	6
  -1.029	  -1.015	6
  -1.015	  -1.001	3
  -1.001	  -0.987	5
  -0.987	  -0.973	6
  -0.973	  -0.959	4
  -0.959	  -0.945	3
  -0.945	  -0.931	1
  -0.931	  -0.917	3
  -0.917	  -0.903	0
  -0.903	  -0.890	3
  -0.890	  -0.876	1
  -0.876	  -0.862	3
  -0.862	  -0.848	2
  -0.848	  -0.834	1
  -0.834	  -0.820	4
  -0.820	  -0.806	1
  -0.806	  -0.792	1
  -0.792	  -0.778	2
  -0.778	  -0.764	1
  -0.764	  -0.750	1
  -0.750	  -0.736	2
  -0.736	  -0.722	1
  -0.722	  -0.708	0
  -0.708	  -0.694	1
  -0.694	  -0.680	2
  -0.680	  -0.666	1
  -0.666	  -0.652	0
  -0.652	  -0.638	3
  -0.638	  -0.624	1
  -0.624	  -0.610	1
  -0.610	  -0.597	1
  -0.597	  -0.583	3
  -0.583	  -0.569	1
  -0.569	  -0.555	0
  -0.555	  -0.541	0
  -0.541	  -0.527	2
  -0.527	  -0.513	0
  -0.513	  -0.499	0
  -0.499	  -0.485	3
  -0.485	  -0.471	0
  -0.471	  -0.457	1
  -0.457	  -0.443	0
  -0.443	  -0.429	0
  -0.429	  -0.415	0
  -0.415	  -0.401	0
  -0.401	  -0.387	0
  -0.387	  -0.373	0
  -0.373	  -0.359	1
  -0.359	  -0.345	1
  -0.345	  -0.331	1
  -0.331	  -0.317	0
  -0.317	  -0.303	1
  -0.303	  -0.290	1
  -0.290	  -0.276	0
  -0.276	  -0.262	0
  -0.262	  -0.248	1
  -0.248	  -0.234	0
  -0.234	  -0.220	0
  -0.220	  -0.206	0
  -0.206	  -0.192	0
  -0.192	  -0.178	0
  -0.178	  -0.164	0
  -0.164	  -0.150	0
  -0.150	  -0.136	0
  -0.136	  -0.122	0
  -0.122	  -0.108	0
  -0.108	  -0.094	0
  -0.094	  -0.080	2
  -0.080	  -0.066	0
  -0.066	  -0.052	0
  -0.052	  -0.038	0
  -0.038	  -0.024	0
  -0.024	  -0.010	0
  -0.010	   0.004	0
   0.004	   0.017	0
   0.017	   0.031	1
   0.031	   0.045	0
   0.045	   0.059	0
   0.059	   0.073	0
   0.073	   0.087	0
   0.087	   0.101	0
   0.101	   0.115	0
   0.115	   0.129	0
   0.129	   0.143	0
   0.143	   0.157	1
   0.157	   0.171	0
   0.171	   0.185	0
   0.185	   0.199	0
   0.199	   0.213	1
   0.213	   0.227	1
   0.227	   0.241	0
   0.241	   0.255	0
   0.255	   0.269	0
   0.269	   0.283	0
   0.283	   0.297	0
   0.297	   0.311	1
   0.311	   0.324	0
   0.324	   0.338	0
   0.338	   0.352	0
   0.352	   0.366	0
   0.366	   0.380	0
   0.380	   0.394	0
   0.394	   0.408	1
   0.408	   0.422	0
   0.422	   0.436	0
   0.436	   0.450	0
   0.450	   0.464	0
   0.464	   0.478	0
   0.478	   0.492	0
   0.492	   0.506	0
   0.506	   0.520	0
   0.520	   0.534	0
   0.534	   0.548	0
   0.548	   0.562	0
   0.562	   0.576	0
   0.576	   0.590	0
   0.590	   0.604	0
   0.604	   0.618	0
   0.618	   0.631	0
   0.631	   0.645	0
   0.645	   0.659	0
   0.659	   0.673	0
   0.673	   0.687	1
   0.687	   0.701	0
   0.701	   0.715	0
   0.715	   0.729	0
   0.729	   0.743	2
   0.743	   0.757	1
   0.757	   0.771	0
   0.771	   0.785	0
   0.785	   0.799	2
   0.799	   0.813	1
   0.813	   0.827	0
   0.827	   0.841	0
   0.841	   0.855	0
   0.855	   0.869	0
   0.869	   0.883	1
   0.883	   0.897	0
   0.897	   0.911	0
   0.911	   0.925	0
   0.925	   0.938	0
   0.938	   0.952	0
   0.952	   0.966	0
   0.966	   0.980	0
   0.980	   0.994	0
   0.994	   1.008	0
   1.008	   1.022	0
   1.022	   1.036	0
   1.036	   1.050	0
   1.050	   1.064	0
   1.064	   1.078	0
   1.078	   1.092	0
   1.092	   1.106	0
   1.106	   1.120	0
   1.120	   1.134	0
   1.134	   1.148	0
   1.148	   1.162	0
   1.162	   1.176	0
   1.176	   1.190	0
   1.190	   1.204	0
   1.204	   1.218	0
   1.218	   1.231	0
   1.231	   1.245	0
   1.245	   1.259	0
   1.259	   1.273	0
   1.273	   1.287	0
   1.287	   1.301	0
   1.301	   1.315	0
   1.315	   1.329	0
   1.329	   1.343	0
   1.343	   1.357	0
   1.357	   1.371	0
   1.371	   1.385	0
   1.385	   1.399	0
   1.399	   1.413	0
   1.413	   1.427	0
   1.427	   1.441	0
   1.441	   1.455	0
   1.455	   1.469	0
   1.469	   1.483	0
   1.483	   1.497	0
   1.497	   1.511	1


